diseasome
1285 858 
81 468 
417 416 411 
125 126 127 
126 
291 289 293 288 290 292 
407 408 409 306 
474 479 477 476 478 114 475 473 
282 
282 
282 607 
110 686 
576 578 574 579 577 575 
575 
114 199 201 200 
199 201 
117 199 384 197 
364 868 199 
117 113 112 115 118 116 114 
117 114 113 
113 
63 62 
815 634 923 924 925 
48 542 
120 467 466 
239 467 466 
55 78 77 
856 
856 782 
856 
130 643 189 645 644 
545 
185 186 545 
664 68 
157 158 
30 
30 
128 129 30 99 
120 130 30 
30 
80 30 365 366 87 99 
792 30 
842 65 841 30 
30 
751 935 30 
30 
30 
1080 1081 1082 120 
121 123 122 124 120 
120 
120 
367 368 
367 
367 
367 
140 367 
1270 367 640 
138 136 140 137 139 
41 
41 
41 
41 
962 41 
41 
41 429 109 
41 
41 
570 765 767 81 766 
765 
227 770 771 769 774 773 742 772 
874 873 876 878 454 875 325 877 872 341 
442 441 
492 493 490 441 491 
441 
441 325 
189 1002 
454 456 457 287 453 455 
117 484 481 482 476 480 483 472 470 
121 125 
121 
121 
65 637 
48 134 
302 403 404 401 402 
402 
226 402 
1148 74 
570 1245 
570 81 1245 
69 68 70 
98 68 
68 
68 
68 
68 
1061 158 245 751 68 
68 
661 68 235 
1238 68 
68 
68 
219 220 
219 
219 
219 
219 
156 154 155 137 
154 
503 408 502 
661 
661 
661 1198 
661 
327 78 328 
327 
327 685 110 
327 54 
327 110 
554 552 553 328 
328 
570 
119 
132 119 
119 224 
117 119 225 
191 634 942 941 790 139 248 943 944 
236 778 779 
778 
778 
1029 778 
778 
1034 1033 54 
55 558 557 555 556 559 
939 938 940 
954 938 955 
938 
1145 938 
386 385 54 
385 53 
380 47 
1307 114 1306 775 
474 633 634 
59 474 47 314 701 137 
474 956 
48 
48 
48 
48 
48 
48 
48 
48 
48 
48 
48 
48 245 
48 
48 
48 
963 48 
86 429 109 48 164 
48 
48 
48 
48 
747 744 746 745 743 277 222 
965 43 966 45 
137 
137 198 197 
59 203 139 137 202 
117 249 197 137 248 
137 497 314 
137 
114 197 137 
137 
634 1067 1066 137 59 1070 1065 114 1069 224 1068 
137 
137 200 
114 155 137 
137 
137 
1070 139 1067 137 
137 202 
979 977 980 110 978 
44 958 959 45 
208 
208 
208 
208 
208 
208 
208 
208 
209 208 
208 
208 
208 
208 
114 118 785 784 
794 155 197 784 785 795 384 114 
283 286 285 222 284 
485 
114 485 197 248 
986 984 985 987 
54 
223 231 53 232 54 
185 54 
53 54 
55 54 
426 736 54 
54 
814 53 54 
54 
54 
54 
223 54 
54 
54 
54 
54 
223 54 
54 
223 54 
54 
1242 54 
54 
816 815 
325 
325 53 
325 
325 
325 
325 
325 
325 
325 
325 
325 
325 
325 
187 188 189 
415 187 411 
187 411 
411 772 853 187 961 
187 838 411 
213 211 212 210 
317 210 316 
39 36 38 37 
36 
390 
419 420 390 
140 390 
390 
627 390 
420 390 
419 420 793 390 
390 
419 420 793 390 
390 
390 
390 
390 
390 
390 
390 
390 
390 
797 796 798 
414 796 949 
796 
744 829 828 
969 81 
991 940 873 
156 114 
114 47 181 
114 
114 
114 224 334 197 
114 
114 323 
114 
114 
114 
114 224 
114 
114 
114 118 912 
114 
114 
114 
114 968 1050 
114 1132 
692 1153 155 114 1152 
114 
114 155 
114 
44 42 46 43 45 
42 324 45 
42 
42 324 
42 607 45 
42 324 45 
42 324 
1289 822 
305 122 
122 
122 
122 
1228 1227 122 
122 
37 
37 
37 
37 
37 
270 342 
191 192 
322 
322 53 
272 266 976 216 975 974 
871 782 497 
799 483 
616 
526 616 929 602 928 
166 165 167 
425 424 165 
607 165 
401 703 146 704 702 
55 
55 
312 55 292 311 
55 
55 375 374 
55 
376 55 
55 
406 55 405 
55 560 
55 817 818 820 819 
55 
55 
55 822 
889 55 888 
55 
55 
55 
55 
55 
55 822 
414 55 
55 
55 
55 
55 
55 
55 822 
55 
55 822 
55 
55 
55 
55 
55 
55 
55 
55 
419 
751 754 753 752 
751 
751 364 
751 
203 1101 1099 1102 1100 
883 882 790 
87 
87 
541 87 540 
87 
541 87 
668 87 667 
541 669 87 
87 
687 87 
87 
887 87 70 
384 919 87 736 70 
87 996 
87 
1027 87 
541 224 87 
541 1040 87 
87 
87 
87 
87 
236 87 133 
1232 87 
65 87 
87 
87 
363 364 
47 536 535 
239 486 467 
302 301 304 303 
414 
414 
414 
414 1136 
414 
414 
287 285 222 286 
294 285 
285 
285 
909 285 
285 
285 
285 
429 
1020 429 109 
426 
902 446 
248 
1181 45 
302 
302 
302 
302 
302 
716 302 
302 
302 
223 302 
703 
146 709 703 
270 220 
220 
220 
220 
220 
527 220 
220 689 
220 
220 
220 
220 
220 
220 
384 220 
220 
220 
306 
307 306 
307 306 
313 306 
290 74 306 
211 
560 559 
560 
968 
968 
968 
434 38 158 
744 
448 99 
448 
448 
448 
448 
448 
606 608 448 607 
448 
202 
202 
202 
202 
202 
202 
202 
202 
202 
524 523 86 
43 
117 139 
117 
117 
117 201 670 237 671 
695 693 47 692 691 694 
691 884 
340 341 
340 
340 858 
340 
384 
86 585 
1047 332 1048 
1053 1072 1048 1073 
185 186 184 
236 663 280 
331 332 
331 
550 
550 47 
1089 681 985 181 775 
423 422 
86 
86 
86 
86 
86 
86 897 
86 
447 239 446 
224 
224 775 
224 
65 411 
411 
280 
280 
280 
940 
940 
940 
238 239 
238 
602 
213 602 364 
602 
177 
177 79 
177 
125 
125 
125 
125 
125 
125 
128 
227 228 229 
227 773 
665 541 
130 930 
930 
960 80 
65 
65 80 79 
65 80 
65 
65 
65 
65 786 
65 
1078 634 332 
123 45 
123 
123 
797 879 
217 216 218 
216 
332 
332 
332 
332 
101 
146 1051 101 
101 
147 146 
146 
146 
146 
1304 1303 369 1305 527 81 
1012 81 
853 852 
526 
919 
919 
493 904 491 
471 472 470 
685 110 
59 748 192 
471 
401 
401 
76 70 
324 45 
324 1208 45 
324 
185 180 
185 
185 186 
185 
185 880 
185 186 
185 
185 
185 
47 948 947 
47 
47 
47 
47 
236 47 235 
47 
47 
47 
742 47 
826 47 
835 795 47 834 833 
47 
47 
47 
47 
47 
47 
47 
47 
47 
47 
47 
47 
47 
47 
47 
47 
47 
47 
47 
982 786 
982 786 
252 59 253 200 
736 
736 
1221 736 140 
1120 742 1121 
369 370 
369 370 
369 
1050 
110 
110 
314 
314 
155 
155 
155 
155 
155 139 
607 
44 1092 1091 
235 245 
245 
245 
814 217 
180 
180 
180 
292 310 
1145 
200 
59 1025 200 
790 
790 795 836 
81 
81 
81 
81 
81 
81 
81 
81 1003 
81 
81 
81 
81 
81 
81 
81 
81 
81 
81 
158 
186 
186 
186 
223 1130 53 
223 
223 464 
223 
223 
223 
223 
223 
223 1174 
223 464 
223 
223 
223 
266 
266 
266 
266 
266 
266 
671 
237 671 
682 681 680 
237 
237 
100 99 
99 
99 
99 
99 
239 99 
99 
527 
53 
53 
53 
272 
838 
810 139 
420 
420 
420 
420 
423 463 
423 
423 1094 447 
270 
215 
215 
215 45 
215 45 
215 
70 
70 
70 
70 
70 
70 
70 
70 
70 
70 
70 
70 
70 
70 
70 
70 
70 
953 63 
953 63 
953 63 
290 
290 
277 
277 
277 
222 
222 
131 222 
197 
59 
59 
59 
985 984 
984 
799 
364 
364 
364 
364 
364 
364 
364 
417 1015 1016 
640 911 
226 574 
574 
235 
79 
139 
139 
139 
139 
139 
786 
786 
786 
880 
880 
775 
775 
775 
775 
851 45 
851 
851 
851 
45 
45 
45 
45 
45 
45 
45 
45 
45 
45 
45 822 
45 
45 
45 
45 
45 
45 
767 
497 
497 
236 
236 
236 
236 
963 
323 
484 
140 605 
130 
130 
130 
130 
130 
130 
1061 
63 
209 63 
63 
779 63 
563 203 
640 
640 
640 
640 
640 
640 
640 
109 
109 
140 
140 
213 
213 
213 
213 
213 
213 
213 
213 
213 
213 
213 
74 
74 
74 
132 
132 
44 46 
100 
133 
133 
133 
78 
682 
447 
447 
239 
239 
239 
239 
634 
634 
634 
634 
634 
634 
782 781 
131 
822 
822 
226 
463 
782 
464 
457 
203 
44 
1053 
164 
164 
164 
164 
